Inference for Stan model: r2_2_feedback_model_change_v8.
4 chains, each with iter=2000; warmup=1000; thin=1; 
post-warmup draws per chain=1000, total post-warmup draws=4000.

                                     mean se_mean   sd     2.5%      25%      50%      75%    97.5% n_eff Rhat
learning_rate                        0.32    0.01 0.30     0.05     0.08     0.17     0.55     0.96   637 1.01
eff_0                                5.04    0.02 0.69     3.55     4.63     5.08     5.51     6.34  1748 1.00
eff_baseline                         4.92    0.02 0.49     3.88     4.60     4.93     5.28     5.78   833 1.01
gain11                               0.28    0.01 0.19    -0.09     0.15     0.30     0.41     0.61   655 1.01
gain12                              -0.03    0.01 0.16    -0.31    -0.14    -0.04     0.08     0.31   705 1.01
gain13                               0.00    0.02 1.01    -2.00    -0.67     0.00     0.67     1.98  4020 1.00
gain20                              -7.77    0.06 2.24   -12.72    -9.15    -7.62    -6.18    -3.97  1435 1.00
alpha                                1.36    0.01 0.18     0.99     1.27     1.38     1.47     1.64   527 1.00
gain21                               1.43    0.01 0.40     0.71     1.15     1.41     1.69     2.27  1081 1.00
gain22                               1.68    0.05 1.54     0.32     0.89     1.23     1.81     6.32  1128 1.00
gain23                               1.07    0.01 0.43     0.28     0.83     1.02     1.24     2.15  1438 1.00
gain24                              -1.27    0.02 0.68    -2.60    -1.71    -1.27    -0.84     0.12  1829 1.00
g_alpha                              0.64    0.00 0.18     0.30     0.51     0.64     0.78     0.97  1716 1.00
g_beta                               1.14    0.01 0.32     0.57     0.92     1.12     1.34     1.81  2724 1.00
sigma11                              2.34    0.00 0.10     2.16     2.27     2.34     2.40     2.53  4641 1.00
sigma12                              1.70    0.00 0.04     1.63     1.67     1.70     1.72     1.77  4187 1.00
sigma21                              1.70    0.00 0.07     1.57     1.65     1.70     1.75     1.85  4054 1.00
sigma22                              0.89    0.00 0.02     0.85     0.87     0.89     0.90     0.92  4172 1.00
sigma3                               1.53    0.00 0.07     1.40     1.48     1.53     1.57     1.67  3678 1.00