Inference for Stan model: r2_2_feedback_model_change_v12.
4 chains, each with iter=2000; warmup=1000; thin=1; 
post-warmup draws per chain=1000, total post-warmup draws=4000.

                                     mean se_mean    sd     2.5%      25%      50%      75%    97.5% n_eff Rhat
learning_rate                        0.41    0.01  0.26     0.08     0.20     0.34     0.60     0.95  2109    1
eff_0                                5.00    0.02  0.91     3.20     4.42     5.02     5.63     6.72  3468    1
eff_change_int                      -0.04    0.02  0.93    -1.90    -0.65    -0.02     0.57     1.79  3415    1
gain11                               1.64    0.01  0.28     1.15     1.44     1.62     1.81     2.24  2026    1
gain20                              -0.81    0.02  0.88    -2.61    -1.37    -0.79    -0.23     0.87  2249    1
alpha                               -1.18    0.00  0.07    -1.31    -1.23    -1.18    -1.14    -1.06  2936    1
gain21                               0.35    0.00  0.13     0.13     0.26     0.34     0.43     0.65  3523    1
gain22                               0.57    0.01  0.32     0.07     0.35     0.54     0.75     1.24  1775    1
gain23                               0.84    0.01  0.30     0.18     0.65     0.86     1.04     1.36  1964    1
gain24                              -0.26    0.02  0.82    -1.92    -0.81    -0.25     0.30     1.26  2758    1
g_alpha                              0.01    0.00  0.01     0.00     0.00     0.00     0.01     0.02  3984    1
g_beta                               0.51    0.00  0.08     0.36     0.45     0.50     0.55     0.66  2633    1
sigma11                              0.79    0.01  0.60     0.03     0.32     0.67     1.14     2.24  4098    1
sigma12                              1.83    0.00  0.03     1.76     1.80     1.83     1.85     1.90  4431    1
sigma21                              1.72    0.00  0.07     1.59     1.67     1.71     1.76     1.86  4508    1
sigma22                              0.89    0.00  0.02     0.85     0.87     0.89     0.90     0.92  4488    1
sigma3                               1.59    0.00  0.07     1.45     1.54     1.59     1.64     1.74  4727    1