Inference for Stan model: r2_2_feedback_model_change_v11.
4 chains, each with iter=2000; warmup=1000; thin=1; 
post-warmup draws per chain=1000, total post-warmup draws=4000.

                                     mean se_mean    sd     2.5%      25%      50%      75%    97.5% n_eff Rhat
learning_rate                        0.43    0.01  0.26     0.08     0.21     0.36     0.62     0.96  1513    1
eff_0                                5.32    0.02  0.96     3.53     4.67     5.32     5.96     7.19  3667    1
eff_baseline                         1.98    0.04  1.71     0.09     0.70     1.55     2.71     6.74  2269    1
gain11                               1.56    0.01  0.29     1.07     1.35     1.53     1.73     2.19  1996    1
gain20                              -1.45    0.02  1.10    -3.90    -2.13    -1.38    -0.72     0.54  1962    1
alpha                                1.17    0.00  0.08     1.02     1.11     1.17     1.22     1.32  2315    1
gain21                               0.36    0.00  0.13     0.13     0.27     0.35     0.43     0.66  2168    1
gain22                               0.58    0.01  0.37     0.07     0.34     0.54     0.78     1.29  1271    1
gain23                               0.83    0.01  0.31     0.15     0.63     0.86     1.05     1.33  1381    1
gain24                              -0.29    0.02  0.81    -1.93    -0.81    -0.29     0.24     1.29  2758    1
g_alpha                              0.01    0.00  0.01     0.00     0.00     0.00     0.01     0.03  4451    1
g_beta                               0.52    0.00  0.08     0.37     0.47     0.52     0.57     0.68  2440    1
sigma11                              0.80    0.01  0.60     0.03     0.32     0.68     1.16     2.19  4787    1
sigma12                              1.83    0.00  0.03     1.76     1.80     1.83     1.85     1.89  4607    1
sigma21                              1.72    0.00  0.07     1.58     1.67     1.71     1.76     1.86  4168    1
sigma22                              0.89    0.00  0.02     0.85     0.87     0.89     0.90     0.92  4155    1
sigma3                               1.59    0.00  0.07     1.46     1.54     1.59     1.64     1.73  5320    1