
version 6

Inference for Stan model: r2_2_feedback_model_change_v6.
4 chains, each with iter=2000; warmup=1000; thin=1; 
post-warmup draws per chain=1000, total post-warmup draws=4000.

                                     mean se_mean   sd     2.5%      25%      50%      75%    97.5% n_eff
learning_rate                        0.78    0.00 0.18     0.28     0.69     0.83     0.92     0.99  2837
eff_0                                5.07    0.01 0.98     3.13     4.41     5.07     5.72     6.95  5185
eff_int                              5.24    0.00 0.21     4.81     5.10     5.25     5.39     5.65  2280
gain11                               0.15    0.00 0.08    -0.01     0.09     0.15     0.20     0.32  2047
gain12                               0.00    0.00 0.08    -0.16    -0.05     0.00     0.05     0.16  2056
gain13                               0.02    0.01 1.00    -1.95    -0.67     0.02     0.71     1.92  4495
gain20                              -8.87    0.03 1.49   -12.16    -9.79    -8.72    -7.80    -6.26  1851
alpha                                0.00    0.00 0.00     0.00     0.00     0.00     0.01     0.02  5279
gain21                               1.37    0.01 0.22     1.01     1.21     1.35     1.50     1.86  1842
gain22                               9.55    0.04 2.72     4.85     7.65     9.33    11.25    15.42  3963
gain23                               1.20    0.01 0.74     0.07     0.63     1.11     1.68     2.79  2556
gain24                              -1.22    0.01 0.62    -2.45    -1.63    -1.23    -0.80     0.05  2431
g_alpha                              0.71    0.00 0.12     0.49     0.63     0.71     0.80     0.95  2109
g_beta                               0.93    0.01 0.30     0.37     0.72     0.92     1.12     1.55  2977
sigma11                              2.34    0.00 0.09     2.18     2.28     2.33     2.40     2.53  4737
sigma12                              1.68    0.00 0.03     1.62     1.66     1.68     1.71     1.75  5062
sigma21                              1.16    0.00 0.05     1.07     1.13     1.16     1.19     1.26  4905
sigma22                              0.89    0.00 0.02     0.85     0.87     0.89     0.90     0.92  5006
sigma3                               1.53    0.00 0.07     1.41     1.49     1.53     1.58     1.67  4469