Inference for Stan model: r2_2_feedback_model_change_v10.
4 chains, each with iter=2000; warmup=1000; thin=1; 
post-warmup draws per chain=1000, total post-warmup draws=4000.

                                     mean se_mean    sd     2.5%      25%      50%      75%    97.5% n_eff Rhat
learning_rate                        0.74    0.01  0.22     0.14     0.63     0.80     0.91     0.99  1741    1
eff_0                                5.07    0.02  1.03     3.11     4.35     5.05     5.75     7.12  3644    1
gain11                               0.16    0.00  0.02     0.13     0.15     0.16     0.17     0.19  2508    1
gain20                              -1.71    0.01  0.48    -2.68    -2.02    -1.70    -1.39    -0.74  1752    1
alpha                                0.01    0.00  0.01     0.00     0.00     0.00     0.01     0.02  4806    1
gain21                               1.32    0.00  0.16     1.06     1.21     1.31     1.43     1.67  2209    1
gain22                               9.32    0.05  2.73     4.71     7.38     9.12    10.97    15.31  2559    1
gain23                               1.27    0.02  0.76     0.11     0.67     1.19     1.77     2.93  2240    1
gain24                              -1.12    0.01  0.42    -1.93    -1.39    -1.13    -0.85    -0.27  1926    1
g_alpha                              0.60    0.00  0.12     0.39     0.51     0.59     0.68     0.87  2221    1
g_beta                               0.84    0.01  0.26     0.37     0.66     0.83     1.00     1.40  2658    1
sigma11                              0.79    0.01  0.61     0.03     0.31     0.66     1.15     2.27  4073    1
sigma12                              1.81    0.00  0.03     1.75     1.79     1.81     1.83     1.87  3815    1
sigma21                              1.16    0.00  0.05     1.07     1.13     1.16     1.19     1.26  3997    1
sigma22                              0.89    0.00  0.02     0.85     0.87     0.89     0.90     0.92  3632    1
sigma3                               1.54    0.00  0.07     1.41     1.49     1.53     1.58     1.68  4391    1