Inference for Stan model: r2_2_feedback_model_change_v7.
4 chains, each with iter=2000; warmup=1000; thin=1; 
post-warmup draws per chain=1000, total post-warmup draws=4000.

                                     mean se_mean   sd     2.5%      25%      50%      75%    97.5% n_eff Rhat
learning_rate                        0.20    0.02 0.27     0.05     0.06     0.07     0.13     0.95   126 1.02
eff_0                                5.77    0.03 0.79     3.86     5.38     5.91     6.29     7.03   760 1.00
eff_change_int                       2.20    0.06 1.15     0.28     1.24     2.29     3.09     4.30   367 1.01
gain11                               0.26    0.02 0.23    -0.10     0.07     0.23     0.44     0.74   217 1.03
gain12                              -0.11    0.01 0.13    -0.37    -0.20    -0.10    -0.04     0.16   207 1.02
gain13                               0.00    0.02 0.98    -1.90    -0.64    -0.03     0.65     1.95  3773 1.00
gain20                              -5.75    0.20 3.05   -12.13    -7.34    -5.81    -4.37     2.15   235 1.01
alpha                               -0.55    0.02 0.33    -1.15    -0.81    -0.53    -0.25    -0.07   291 1.02
gain21                               1.18    0.03 0.43     0.39     0.89     1.15     1.44     2.18   200 1.01
gain22                               1.33    0.11 1.39     0.35     0.74     0.98     1.27     5.86   164 1.02
gain23                               0.99    0.02 0.33     0.56     0.81     0.93     1.08     1.99   464 1.01
gain24                              -0.82    0.03 0.80    -2.34    -1.35    -0.85    -0.34     0.92   677 1.00
g_alpha                              0.62    0.01 0.16     0.33     0.50     0.61     0.73     0.95   966 1.00
g_beta                               1.06    0.01 0.33     0.46     0.84     1.04     1.28     1.75  1291 1.00
sigma11                              2.34    0.00 0.10     2.16     2.28     2.34     2.41     2.54  2333 1.00
sigma12                              1.70    0.00 0.03     1.63     1.68     1.70     1.72     1.77  4129 1.00
sigma21                              1.73    0.00 0.07     1.60     1.68     1.73     1.78     1.88  2943 1.00
sigma22                              0.89    0.00 0.02     0.85     0.87     0.89     0.90     0.92  1257 1.00
sigma3                               1.53    0.00 0.06     1.41     1.48     1.52     1.57     1.66  2660 1.00