id      momed   verbal0 verbal1 verbal3 verbal5 nonverbal0      nonverbal1      nonverbal3      nonverbal5
1       9.5     24.42   26.98   39.61   55.64   19.84   22.97   43.9    44.19
2       5.5     12.44   14.38   21.92   37.81   5.9     13.44   18.29   40.38
3       14      32.43   33.51   34.3    50.18   27.64   45.02   46.99   77.72
4       14      22.69   28.39   42.16   44.72   33.16   29.68   45.97   61.66
5       11.5    28.23   37.81   41.06   70.95   27.64   44.42   65.48   64.22
6       14      16.06   20.12   38.02   39.94   8.45    15.78   26.99   39.08
7       9.5     8.5     16.49   28.71   40.83   4.85    17.24   30.75   41.03
8       5.5     14.11   20.92   21.53   25.68   18.72   21.43   33.63   42.36
9       9.5     15.52   23.36   37.41   45.52   13.37   20.13   35.36   38.53
10      11.5    20.07   33.38   37.71   48.65   15.26   23.67   42.59   48.39
11      11.5    21.59   31      41.38   55      14.29   27.24   32.69   48.17
12      9.5     15.57   19.7    26.68   34.09   11.12   19.85   32.87   35.61
13      9.5     20.03   25.42   22.43   30.89   11.46   16.88   28.18   34.32
14      11.5    22.75   29.45   32.99   46.9    18.59   35.61   36.81   56.2
15      11.5    18.05   27.04   27.25   32.4    10.51   23.19   38.25   52.01
16      14      22.54   26.68   28.33   41.98   23.27   30.09   44.7    45.51
17      9.5     11.22   19.45   21.71   39.29   10.1    29.51   28.58   32.81
18      9.5     22.96   25.27   27.44   30.54   18.85   27.03   39.28   46.41
19      11.5    15.63   20.18   29.43   38.79   32.05   27.26   42.31   51.34
20      11.5    17.93   29.08   39.42   55.16   31.59   36.78   53.47   58.49
21      11.5    21.03   28.39   39.38   60.39   17.66   21.61   40.01   46.67
22      5.5     21.5    20.8    30      54.27   10.15   20.35   42.17   59.61
23      11.5    20.3    28.14   27.38   30.68   17.46   17.69   33.61   43.31
24      9.5     15.33   18.88   21.96   31.64   8.9     20.44   33.85   40.28
25      9.5     15.64   14.48   16.67   27.29   12.25   19.7    27.71   39.14
26      11.5    25.82   35.21   45.42   66.52   35.25   36.78   56.25   68.58
27      14      24.84   30.86   47.54   56.7    24.85   42.84   62.88   64.07
28      18      28.57   34.32   44.02   62.23   32.28   46.19   44.06   61.13
29      14      21.07   25.09   40.18   56.15   28.58   40.03   48.43   57.31
30      14      17.16   20.63   34.84   37.89   13.3    22.81   36.42   62.2
31      11.5    27.56   33.65   51.07   64.27   25.16   37.93   47.42   54.4